1 1938
1 1410
1 2371
1 1071
1 1572
1 2319
1 971
1 1657
1 2151
1 2218
2 3078
2 2434
2 2863
2 356
2 740
2 136
2 1345
2 597
2 1046
2 1183
3 1134
3 1304
3 1521
3 1496
3 3189
3 62
3 1223
3 2652
3 3144
3 205
4 2939
4 3128
4 2376
4 356
4 740
4 3101
4 2470
4 3043
4 2377
4 3148
5 2716
5 1829
5 2321
5 2629
5 2003
5 1923
5 1978
5 1272
5 2035
5 3011
6 356
6 740
6 438
6 2417
6 2826
6 136
6 1009
6 2828
6 1543
6 695
7 2376
7 3043
7 2912
7 1353
7 356
7 740
7 3148
7 136
7 3128
7 2317
8 2371
8 1611
8 2951
8 1685
8 2625
8 1505
8 757
8 820
8 2500
8 1261
9 2371
9 3158
9 1685
9 3068
9 2454
9 2372
9 757
9 2869
9 820
9 2776
10 2664
10 1262
10 2685
10 141
10 392
10 1795
10 1158
10 2785
10 950
10 2896
11 2699
11 1860
11 2246
11 1043
11 2717
11 2527
11 3148
11 2923
11 3080
11 2906
12 3127
12 2246
12 1930
12 3196
12 1461
12 2796
12 2319
12 3068
12 2379
12 17
13 2748
13 2530
13 1795
13 2897
13 2491
13 1901
13 2495
13 2559
13 1947
13 2586
14 2964
14 2337
14 2976
14 2397
14 866
14 3054
14 2272
14 307
14 563
14 2816
15 1947
15 3125
15 115
15 2900
15 2685
15 1807
15 2907
15 820
15 622
15 2195
16 3141
16 2376
16 1724
16 1332
16 1210
16 1613
16 307
16 2378
16 2452
16 1076
17 1134
17 2079
17 2491
17 1658
17 1223
17 1757
17 1795
17 2897
17 2495
17 1154
18 1613
18 2664
18 799
18 1852
18 3005
18 2880
18 1223
18 1811
18 1795
18 1972
19 2664
19 141
19 392
19 2685
19 1795
19 1158
19 950
19 1262
19 1613
19 2896
20 2506
20 2442
20 2199
20 2986
20 2695
20 2170
20 777
20 936
20 1961
20 349
21 764
21 878
21 1037
21 2787
21 555
21 2703
21 2061
21 1118
21 1429
21 876
22 2637
22 2564
22 2441
22 2384
22 2638
22 2473
22 52
22 88
22 2751
22 266
23 1941
23 1987
23 711
23 1778
23 1944
23 1081
23 1714
23 1157
23 2212
23 1583
24 268
24 1696
24 1540
24 2535
24 1435
24 1410
24 2767
24 1892
24 987
24 2882
25 2318
25 3048
25 436
25 1374
25 1653
25 2452
25 1938
25 2984
25 1518
25 2542
26 1338
26 2256
26 3128
26 2912
26 2618
26 2626
26 3043
26 1198
26 1102
26 2376
27 2669
27 2406
27 3011
27 2582
27 2553
27 2502
27 3000
27 2481
27 2988
27 2798
28 3032
28 2849
28 2890
28 383
28 1685
28 356
28 740
28 2949
28 2371
28 2562
29 610
29 377
29 513
29 1539
29 2927
29 1840
29 3037
29 1537
29 1538
29 2462
30 1137
30 1926
30 1213
30 1256
30 397
30 1651
30 1024
30 953
30 850
30 960
31 195
31 2415
31 674
31 2125
31 3047
31 1839
31 1686
31 1660
31 1796
31 1952
32 3139
32 1839
32 1145
32 2155
32 2619
32 2461
32 1504
32 1961
32 366
32 2630
33 2043
33 1954
33 1501
33 559
33 2335
33 1617
33 2548
33 1577
33 1662
33 1968
34 1893
34 1667
34 2458
34 3114
34 2291
34 1949
34 503
34 1633
34 1763
34 640
35 3007
35 1474
35 2836
35 393
35 2165
35 1941
35 2560
35 2932
35 2090
35 265
36 1265
36 2110
36 1131
36 2112
36 2476
36 2084
36 2698
36 1399
36 1350
36 2739
37 2376
37 2265
37 2912
37 243
37 3141
37 2946
37 2956
37 3105
37 1162
37 2537
38 2265
38 2958
38 2082
38 3103
38 1737
38 2941
38 1768
38 1569
38 3105
38 463
39 2651
39 1861
39 3103
39 1614
39 2940
39 2958
39 2178
39 2956
39 2406
39 3105
40 1485
40 1588
40 2958
40 2651
40 2857
40 2937
40 3103
40 1470
40 3052
40 2956
41 3137
41 3082
41 1951
41 2371
41 3043
41 1941
41 2849
41 2949
41 3148
41 2914
42 204
42 2641
42 2789
42 462
42 2494
42 2107
42 2215
42 633
42 2402
42 2318
43 2569
43 2977
43 2924
43 3107
43 2841
43 2751
43 2225
43 2754
43 1594
43 1182
44 2523
44 2829
44 2325
44 1002
44 1106
44 1424
44 931
44 2751
44 1686
44 2771
45 2816
45 2493
45 1976
45 2964
45 2928
45 1660
45 1796
45 1952
45 2882
45 2437
46 1457
46 2641
46 1660
46 1796
46 1952
46 2631
46 2990
46 2711
46 2978
46 2789
47 651
47 1032
47 1457
47 634
47 2288
47 2372
47 275
47 1236
47 3036
47 2990
48 1005
48 47
48 2325
48 3010
48 1841
48 2611
48 2366
48 1205
48 1809
48 2607
49 2795
49 651
49 2390
49 275
49 2959
49 2288
49 634
49 3012
49 3134
49 2307
50 2664
50 1613
50 1811
50 634
50 651
50 3075
50 275
50 2714
50 3156
50 1457
51 2664
51 1613
51 3075
51 1811
51 2714
51 3156
51 2636
51 2641
51 1728
51 141
52 2721
52 557
52 3070
52 1541
52 1261
52 2749
52 1518
52 1572
52 3048
52 1928
53 514
53 569
53 139
53 1817
53 1186
53 852
53 2210
53 2476
53 2981
53 2769
54 2958
54 307
54 2842
54 309
54 3133
54 2227
54 3170
54 2470
54 3031
54 2972
55 1739
55 1896
55 1355
55 1898
55 1993
55 2650
55 2921
55 2998
55 1665
55 1453
56 2327
56 1896
56 1355
56 1898
56 1739
56 1678
56 1665
56 2323
56 1154
56 1993
57 3077
57 196
57 3140
57 1106
57 1137
57 437
57 1
57 1132
57 209
57 176
58 1344
58 1398
58 1631
58 1411
58 2395
58 2634
58 2249
58 1876
58 69
58 2098
59 1112
59 2111
59 1456
59 1665
59 2631
59 1855
59 1235
59 1700
59 2905
59 137
60 2593
60 2738
60 2816
60 2976
60 2964
60 2516
60 2967
60 1518
60 3087
60 2882
61 634
61 2307
61 2711
61 1830
61 1457
61 1236
61 938
61 1287
61 2114
61 2631
62 1961
62 1424
62 2430
62 2790
62 1648
62 2326
62 2975
62 1368
62 2333
62 2057
63 2664
63 2685
63 141
63 392
63 3073
63 1795
63 2781
63 950
63 1158
63 1262
64 2651
64 1307
64 1717
64 2051
64 793
64 598
64 1024
64 1957
64 2168
64 2513
